Template: NONE
Clouds: 0.1082654
Grime: 0.4690671
Palette: 204
EffectColorB: 6
