Template: NONE
Clouds: 0.6086956
Grime: 0.25
Palette: 12
PlacedObjects: CustomDecal><261.4533><50.94447><-74~642~633~591~364~-83~634.0001~170~0~0~0~rustb2~0.1956522~1~0.173913~1~0.5326087~1~0.7391304~1, CustomDecal><309.3738><203.3429><-335~505~847~452~276~-236~560.9999~-98~0.2173913~1~0~rust1~0.1521739~1~0.4891304~1~0.08695652~1~0.3804348~1, 
FadePalette: 34, 0.5
MorePalette0: 8, 0.09782609
