Template: NONE
Clouds: 0.5760869
Grime: 0.2391304
Palette: 12
PlacedObjects: CustomDecal><432.8193><-5.335678><-38~591~413~551~812~-18~-605.9999~324~0~1~0~rust1~0.4456522~1~0.2065217~1~0.5108696~1~0.1413043~1, CustomDecal><82.92883><-33.08955><-81~625~301~705~319~-16~-255~110~0~1~0~rustb2~0.6847826~1~0.1304348~1~0.4891304~1~0~1, 
FadePalette: 34, 0.5
MorePalette0: 8, 0.09782609
