Template: NONE
Clouds: 0.5978261
Grime: 0.2391304
Palette: 12
FadePalette: 34, 0.5, 0.5
MorePalette0: 8, 0.09782609, 0.09782609
