Template: NONE
Clouds: 0.6086956
Grime: 0.25
Palette: 12
EffectColorB: 21
PlacedObjects: CustomDecal><16.95607><221.9451><502~115~745~117~979~-204~-34.00002~102~0~0.1739133~0~rust1~1~1~0~1~0.09782606~1~0.1086953~1, CustomDecal><160.5246><282.1985><-18~118~37~241~79.00003~39~214.9999~-102~0.1956522~0.391305~1~unq - orangeteeth~0.1304348~0.6847826~0.4021739~0.6847826~0.5869565~0.6847826~0.9130435~0.6847826, 
FadePalette: 34, 0.5
MorePalette0: 8, 0.09782609
