Template: NONE
CeilingDrips: 0
Clouds: 0.2282609
Grime: 0.1521739
Palette: 5125
EffectColorA: 0
EffectColorB: 10
Effects: ReplaceEffectColorA-0.173913-871-386-Color-1-0.3913043-0.3586957, Bloom-0.4347826-24-83, 
PlacedObjects: CustomDecal><62.49332><523.3001><16~78~139~80~160~-5~-253~-208~0.3043478~0.3695652~0.1521739~biggreen~0.3478261~1~0.5760869~1~0.5217391~1~0.6847826~1, CustomDecal><475.1129><100.8544><-34~176~169~173~129~-7~-580~-92~0.25~0.4565217~0.4891304~pipemonsters~0.4673913~0.7391304~0.4782609~0.1413043~0.6739131~0.4891304~0.4456522~0.3695652, CustomDecal><91.14557><160.6706><-16~480~861~537~677~14~-284~27.99998~0.5869565~0.9456522~0~rustb1~0.6630435~0.7934783~0.25~0.7934783~0.7282609~0.7934783~0.5326087~0.7934783, CustomDecal><90.1976><161.7196><-34~167~280~82~287~-37~-236~95~0.326087~0.4130435~1~tamponnose~0.6739131~0.5108696~0.3043478~0.2608696~0.3478261~0.5326087~0.2717391~0.2608696, CustomDecal><743.6998><468.2585><-67~325~172~155~188~-143~-653~-275~0.2173913~0.3369565~0~stoneheaddefacing~0.3152174~1~0.25~1~0.1847826~1~0.04347826~1, 
FadePalette: 29, 0.2608696
