Template: NONE
CeilingDrips: 0
Clouds: 0.4565217
Grime: 0.1630435
Palette: 5125
EffectColorB: 10
PlacedObjects: CustomDecal><1256.303><388.5353><-34~181~186~184~173~-31~437~-9~0~0.2173913~0~whiteface2~0.3369565~0.2717391~0.2282609~0.2608696~0.1195652~0.2608696~0.0326087~0.8586956, CustomDecal><939.5529><124.9675><-229~360~713~521~477~-9~812~-90.99998~0.5434783~0.8478261~0~rustb1~0.3695652~1~0.3695652~1~0.3695652~1~0.3695652~1, CustomDecal><82.35413><0.3292847><-174~385~1051~339~611~-18~-214~289~0.3152174~0.3695652~0~rustb2~0.2065217~1~0.3369565~1~0.5652174~1~0.326087~1, CustomDecal><1029><101><-44~214~771~221~647~13~-214~289~0.3152174~0.3695652~0~rustb2~0.3152174~1~0.3043478~1~0.5652174~1~0.4565217~1, CustomDecal><1125><171><-33~104~250~127~363~-23~292~165~0.3043478~0.423913~0.4891304~purpleandwhitebubbly~0.2717391~1~0.3369565~1~0.5108696~0.4347826~0.4565217~0.7934783, CustomDecal><239.6981><125.5275><-5~385~181~440~121~-39~208~113~0.326087~0.8804348~0~qtpi_vertrgb~0.4347826~0.1630435~0.2173913~0.07608695~0.1304348~0.07608695~0.5760869~0.173913, CustomDecal><257><241><-368~233~828~251~887~-213~-349~-91~0.5869565~0.9239131~0~rustb2~0~0.4782609~0.4565217~0.4782609~0.6847826~0.4782609~0.75~0.4782609, 
FadePalette: 29, 0.25, 0.25
MorePalette0: 8, 0.1956522, 0.1956522
