RainIntensity: 1
WaveSpeed: 0.4992459
WaveLength: 0.9996229
WaveAmplitude: 0.04786565
SecondWaveLength: 0.1666667
SecondWaveAmplitude: 0
Clouds: 0.3369565
Grime: 0.1956522
FadePalette: 29, 0.25, 0.2391304, 0.25, 0.2608696, 0.2282609, 0.2391304
