Template: NONE
Clouds: 0.1413043
Grime: 0.2608696
Palette: 6
EffectColorA: 18
EffectColorB: 6
PlacedObjects: CustomDecal><777.2189><358.9476><-15~93~179~128~197~-9~231~46~0.6304348~1~0~orangecat~0.4347826~0.01086957~0.4347826~0.01086957~0.4347826~0.01086957~0.4347826~0.01086957, CustomDecal><253.8246><280.0961><-179~502~258~404~441~-33~-146~-55~0.2065217~0.7934783~0.8478261~rustb3~0.6304348~1~0.4673913~1~1~1~0.1195652~1, CustomDecal><189.4109><153.3811><230~748~1005~340~462~-21~-3~-72~0.3913043~0.6956522~0~rustb3~0.0326087~0.6739131~0.5108696~0.6739131~0.4130435~0.6739131~0.7717391~0.6739131, CustomDecal><510.6915><197.8077><-329~191~675~188~1085~9~-464.0001~-199~0.326087~0.4565217~1~stoneheaddefacing~0.3586957~0.9347826~0.3913043~0.9347826~0.07608695~0.9347826~0.2391304~0.9347826, LightSource><499.8134><558.1782><0.4021739~EffectColor1~-176~-81~-280~-232.3975~0~0~None~0~0, 
FadePalette: 8, 0.2608696
