Template: NONE
Clouds: 0.2065217
Grime: 0.25
Palette: 5123
EffectColorB: 2
PlacedObjects: CustomDecal><247.0902><1145.88><-40~445~221~429~196~-60~-34~-14~0~1~0~rust1~0.3478261~1~0.3478261~1~0.3478261~1~0.3478261~1, CustomDecal><580><980><-40~445~465~416~459~-61~-415~267~0~1~0~rust1~0.3478261~1~0.3478261~1~0.3478261~1~0.3478261~1, CustomDecal><1014><1120><-40~445~221~429~196~-60~-34~-14~0~1~0~actual vertical pink~0.2934783~0.1956522~0.2934783~0.1956522~0.2934783~0.1956522~0.2934783~0.1956522, CustomDecal><688><1172><-54~626~385~619~317~11~-287~-76~0.4565217~0.7173913~0~verticalmess~0.2282609~0.4782609~0.2282609~0.4782609~0.2282609~0.4782609~0.2282609~0.4782609, CustomDecal><338><1253><-61~210~561~183~481~-123~-287~-76~0.4565217~0.7173913~0~brainghosts~0.2282609~0.4782609~0.2282609~0.4782609~0.2282609~0.4782609~0.2282609~0.4782609, CustomDecal><389><1513><-61~210~561~183~481~-123~-287~-76~0.4565217~0.7173913~0~whitetag10~0.173913~0.3695652~0.173913~0.3695652~0.173913~0.3695652~0.173913~0.3695652, CustomDecal><301><504.0001><-40~445~465~416~459~-61~-415~267~0~1~0~rust1~0.3478261~1~0.3478261~1~0.3478261~1~0.3478261~1, CustomDecal><366><325><-61~210~561~183~481~-123~-287~-76~0.3043478~0.7173913~0~ghostgraffiti~0.173913~0.3695652~0.173913~0.3695652~0.173913~0.3695652~0.173913~0.3695652, CustomDecal><640><383><0~439~284~441~243~-13~-287~-76~0.3043478~0.7173913~0~whitetag11(vertical)~0.173913~0.3695652~0.173913~0.3695652~0.173913~0.3695652~0.173913~0.3695652, CustomDecal><958><208><-27~688~226~647~243~-13~-287~-76~0.173913~1~0~verticalblacktag~0.2282609~0.2608696~0.2282609~0.2608696~0.2282609~0.2608696~0.2282609~0.2608696, CustomDecal><398><364><-40~445~221~429~196~-60~-34~-14~0~1~0~rust1~0.3478261~1~0.3478261~1~0.3478261~1~0.3478261~1, CustomDecal><1093><421><-40~445~221~429~196~-60~-34~-14~0~1~0~rust1~0.3478261~1~0.3478261~1~0.3478261~1~0.3478261~1, 
FadePalette: 8, 0.3504076, 0.3562076
