Template: NONE
Clouds: 0.3043478
Grime: 0.1086956
Palette: 5125
EffectColorB: 13
Effects: LightBurn-0.1521739-20-20, 
PlacedObjects: LightSource><643.6886><559.1833><0.08695652~Environment~319~66~50~86.60254~1~1~None~0~0, LightSource><1116><493><0.08695652~Environment~273~46~50~86.60254~1~1~None~0~0, LightSource><623><305><0.08695652~Environment~273~46~50~86.60254~1~1~None~0~0, CustomDecal><504.9084><81.3222><-15~687~285~668~291~-2~-360~223~0~1~0~rust1~0.3043478~1~0.3043478~1~0.3043478~1~0.3043478~1, CustomDecal><973><278><-10~448~309~474~291~-2~-360~223~0~0.6413044~0~rust1~0.4565217~1~0.4565217~1~0.4565217~1~0.4565217~1, CustomDecal><785><283><-10~448~309~474~291~-2~-360~223~0~0.6413044~0~rust1~0.4565217~1~0.4565217~1~0.4565217~1~0.4565217~1, CustomDecal><660><65><11~319~289~303~291~-2~-360~223~0~1~0~rust1~0.4565217~1~0.4565217~1~0.4565217~1~0.4565217~1, CustomDecal><687.3289><410.1035><-28~386~193~374~183~-8~-359~-91~0.2391304~0.75~0~actual vertical pink~0.3804348~0.3586957~0.3804348~0.3586957~0.3804348~0.3586957~0.3804348~0.3586957, CustomDecal><782><367.0004><-35~144~252~153~246~-14~-359~-91~0~0.75~0.423913~whitejunkspirals~0.3043478~0.8478261~0.3043478~0.8478261~0.3043478~0.8478261~0.3043478~0.8478261, CustomDecal><287><63.00002><5~199~444~246~376~30~452~67~0~1~0.423913~longwhiteugly~0.2391304~0.8586956~0.2391304~0.8586956~0.2391304~0.8586956~0.2391304~0.8586956, 
FadePalette: 8, 0.3043478
