Template: NONE
Grime: 0.3804348
Palette: 37
EffectColorA: 0
EffectColorB: 0
PlacedObjects: WaterSpout><758.8502><1775.883><21~206~30.43478~-10^-23, CGCosmeticWater><754.5571><1747.197><402^22, FreeformDecalOrSprite><624.504><299.95><-391.9999~181.9052~0;0^159.0001;-1^136;1462^106.9999;1467~CoralNeuro~1~WaterFall~Foreground~255~False~FFFFFF, WaterSpout><743.4411><1763.309><100~50~15~-11^-89, WaterSpout><739.1532><1537.371><100~50~15~-6^-69, WaterSpout><704.4431><1126.052><100~50~15~-4^-107, WaterSpout><697.9113><888.6317><100~50~15~-8.999939^-77, 
AmbientSounds: SPOT><SO_WAT-OpenFlow.ogg><753.4387><489.8096><0.6956522><1><1159.439><1822.81><-999.3553><-164.3553><0><0.1, OMNI><SO_WAT-OpenFlow.ogg><63.93849><534.4331><0.3043478><1, OMNI><SO_WAT-LilDrips.ogg><42.9248><449.9028><0.5><1, SPOT><SO_WAT-OpenFlow.ogg><946.1376><494.8952><0.5><1><724.1376><467.8952><-173.3554><-178.3553><0><0.1, 
FadePalette: 33, 0.2717391, 0.2608696, 0.2717391, 0.2717391
