Template: NONE
Grime: 0.3804348
Palette: 13
EffectColorA: 0
EffectColorB: 0
PlacedObjects: WaterSpout><759.8502><1761.883><21~206~30.43478~-10^-23, FreeformDecalOrSprite><639.504><299.95><-391.9999~181.9052~0;0^138.0001;-4^123;1453^97.99988;1405~CoralNeuro~1~WaterFall~Foreground~255~False~FFFFFF, WaterSpout><761.4411><1759.309><100~50~30.21738~-11^-89, WaterSpout><753.1532><1605.371><100~50~30.21738~-7^-70, WaterSpout><709.4431><1161.052><100~50~30.21738~-10^-108, WaterSpout><758.9113><930.6317><100~50~30.21738~-8.999939^-77, CGCosmeticWater><758.0056><1755.7><419^10, 
AmbientSounds: SPOT><SO_WAT-OpenFlow.ogg><594.4387><600.8096><0.6956522><1><1159.439><1822.81><-999.3553><-164.3553><0><0.1217393, OMNI><SO_WAT-OpenFlow.ogg><63.93849><534.4331><0.3586957><1, OMNI><SO_WAT-LilDrips.ogg><42.9248><449.9028><0.5><1, SPOT><SO_WAT-OpenFlow.ogg><503.1376><461.8952><0.7826087><1><682.1378><487.8952><-122.3554><-156.3553><0><0.2304349, 
FadePalette: 6, 0.1521739, 0.1521739, 0.1630435, 0.1630435
MorePalette0: 33, 0.3152174, 0.3152174, 0.326087, 0.3152174
